[gd_scene format=3 uid="uid://3g2nynipki2o"]

[ext_resource type="PackedScene" uid="uid://cfatqo3k0h4a5" path="res://assets/room.tscn" id="1_c5tg0"]
[ext_resource type="PackedScene" uid="uid://bw7atki36niqb" path="res://assets/prop-scenes/studentcafe/studentcafe_BaristaCounter.tscn" id="2_0kb6g"]
[ext_resource type="PackedScene" uid="uid://br5u7ipixdtc5" path="res://assets/prop-scenes/studentcafe/studentcafe_CozySofa.tscn" id="3_kc5jf"]
[ext_resource type="PackedScene" uid="uid://jcaeeaffuvh6" path="res://assets/prop-scenes/studentcafe/studentcafe_FloorRug.tscn" id="4_6f8a8"]
[ext_resource type="PackedScene" uid="uid://ds3jhm0iytcta" path="res://entities/player/player.tscn" id="5_eo7ln"]
[ext_resource type="PackedScene" uid="uid://bl1pvtbua2odh" path="res://assets/prop-scenes/facultyoffice/facultyoffice_PlantPot.tscn" id="6_eo7ln"]
[ext_resource type="PackedScene" uid="uid://b04b33gffmvn4" path="res://assets/prop-scenes/foyer/foyer_Planter.tscn" id="7_aentf"]
[ext_resource type="PackedScene" uid="uid://bgmwqcasp3gc3" path="res://assets/prop-scenes/teakitchen/teakitchen_WallClock.tscn" id="8_afdvp"]
[ext_resource type="PackedScene" uid="uid://b2nne6fk1ws7u" path="res://assets/prop-scenes/teakitchen/teakitchen_CeilingLight.tscn" id="8_eo7ln"]
[ext_resource type="PackedScene" uid="uid://baipowg47qgs1" path="res://assets/prop-scenes/teakitchen/teakitchen_DishRack.tscn" id="9_gvnbc"]
[ext_resource type="PackedScene" uid="uid://t0xu1jab4wwc" path="res://assets/prop-scenes/teakitchen/teakitchen_MiniFridge.tscn" id="10_fp2ry"]
[ext_resource type="PackedScene" uid="uid://t2ea7m6ab75e" path="res://assets/prop-scenes/teakitchen/teakitchen_SinkBasin.tscn" id="11_6j2wr"]
[ext_resource type="PackedScene" uid="uid://bgrfjj4gv2el2" path="res://assets/prop-scenes/teakitchen/teakitchen_SpiceRack.tscn" id="12_4jpir"]
[ext_resource type="PackedScene" uid="uid://cbmvdqvp5lgwd" path="res://assets/prop-scenes/teakitchen/teakitchen_TeaKettle.tscn" id="13_3bdea"]
[ext_resource type="PackedScene" uid="uid://byn16qfl4x57x" path="res://assets/prop-scenes/teakitchen/teakitchen_TrashBin.tscn" id="14_hdm7k"]
[ext_resource type="PackedScene" uid="uid://dwrirbu7jsdcx" path="res://assets/prop-scenes/teakitchen/teakitchen_TeaCup.tscn" id="16_h524m"]
[ext_resource type="PackedScene" uid="uid://b4wa1kitcxeg" path="res://assets/prop-scenes/teakitchen/teakitchen_TeaInfuser.tscn" id="17_qumi0"]
[ext_resource type="PackedScene" uid="uid://po5s7fhsf6ku" path="res://assets/prop-scenes/teakitchen/teakitchen_PaperTowelHolder.tscn" id="18_vgxnf"]
[ext_resource type="PackedScene" uid="uid://cc4c8l5dm7r23" path="res://assets/prop-scenes/teakitchen/teakitchen_WaterPitcher.tscn" id="19_7f2xd"]
[ext_resource type="PackedScene" uid="uid://ce660kbnym6r0" path="res://assets/prop-scenes/teakitchen/teakitchen_TeaShelf.tscn" id="20_3x8uo"]
[ext_resource type="PackedScene" uid="uid://fohp4t5c534w" path="res://assets/prop-scenes/teakitchen/teakitchen_ChessBoard.tscn" id="20_5da3w"]
[ext_resource type="PackedScene" uid="uid://b3u0qpgjids7f" path="res://assets/prop-scenes/teakitchen/teakitchen_CoffeeCup.tscn" id="21_7f2xd"]
[ext_resource type="PackedScene" uid="uid://bf0pvgacevdgn" path="res://assets/prop-scenes/teakitchen/teakitchen_DishSoapDispenser.tscn" id="22_3x8uo"]
[ext_resource type="PackedScene" uid="uid://bp6xmpugeaqjc" path="res://assets/prop-scenes/teakitchen/teakitchen_NapkinBox.tscn" id="25_t1jaq"]
[ext_resource type="PackedScene" uid="uid://d318fnt7l835n" path="res://assets/prop-scenes/facultyoffice/facultyoffice_WallArt.tscn" id="26_3x8uo"]
[ext_resource type="PackedScene" uid="uid://c0b0wtmfoibv8" path="res://assets/prop-scenes/special/special_UtahTeapotYellow.tscn" id="26_ey82v"]

[sub_resource type="StandardMaterial3D" id="StandardMaterial3D_walls"]
albedo_color = Color(0.45, 0.28, 0.22, 1)

[sub_resource type="BoxMesh" id="BoxMesh_c5tg0"]
material = SubResource("StandardMaterial3D_walls")
size = Vector3(10, 4, 0.2)

[sub_resource type="StandardMaterial3D" id="StandardMaterial3D_2mrp3"]
transparency = 1
albedo_color = Color(0.45, 0.28, 0.22, 0.3)

[sub_resource type="StandardMaterial3D" id="StandardMaterial3D_upvfv"]
albedo_color = Color(0.45, 0.28, 0.22, 1)

[sub_resource type="BoxMesh" id="BoxMesh_sosxw"]
material = SubResource("StandardMaterial3D_upvfv")
size = Vector3(10, 4, 0.2)

[sub_resource type="StandardMaterial3D" id="StandardMaterial3D_0kb6g"]
transparency = 1
albedo_color = Color(0.45, 0.28, 0.22, 0.3)

[sub_resource type="Environment" id="Environment_0kb6g"]
ambient_light_source = 1
ambient_light_color = Color(0.9210202, 0.7576328, 0.6117522, 1)
ambient_light_energy = 2.2
tonemap_mode = 4
ssao_enabled = true
ssao_ao_channel_affect = 1.0
sdfgi_enabled = true

[node name="Teakitchen" unique_id=758067993 instance=ExtResource("1_c5tg0")]

[node name="DoorSouth0" type="Node3D" parent="Walls" index="4" unique_id=126030638]
transform = Transform3D(1, 0, 0, 0, 1, 0, 0, 0, 1, 0, 2, 5)

[node name="MeshInstance3D" type="MeshInstance3D" parent="Walls/DoorSouth0" index="0" unique_id=1038383577]
mesh = SubResource("BoxMesh_c5tg0")
surface_material_override/0 = SubResource("StandardMaterial3D_2mrp3")

[node name="DoorEast0" type="Node3D" parent="Walls" index="5" unique_id=1680462794]
transform = Transform3D(0, 0, 1, 0, 1, 0, -1, 0, 0, 5, 2, 0)

[node name="MeshInstance3D" type="MeshInstance3D" parent="Walls/DoorEast0" index="0" unique_id=1626629077]
mesh = SubResource("BoxMesh_sosxw")
surface_material_override/0 = SubResource("StandardMaterial3D_0kb6g")

[node name="WorldEnvironment" type="WorldEnvironment" parent="." index="3" unique_id=230583970]
environment = SubResource("Environment_0kb6g")

[node name="Player" parent="." index="4" unique_id=947552428 instance=ExtResource("5_eo7ln")]
transform = Transform3D(1, 0, 0, 0, 1, 0, 0, 0, 1, -1.9015751, 0.19856948, 1.7161775)

[node name="props" type="Node3D" parent="." index="5" unique_id=1985051441]

[node name="teakitchen_TeaShelf" parent="props" index="0" unique_id=1811566403 instance=ExtResource("20_3x8uo")]
transform = Transform3D(0.27, 0, 0, 0, 0.27, 0, 0, 0, 0.27, -4.6928997, 1.3165371, 1.5238909)

[node name="teakitchen_TeaShelf2" parent="props" index="1" unique_id=26543385 instance=ExtResource("20_3x8uo")]
transform = Transform3D(0.27, 0, 0, 0, 0.27, 0, 0, 0, 0.27, -4.6928997, 1.3165371, 1.2432736)

[node name="foyer_Planter" parent="props" index="2" unique_id=878182337 instance=ExtResource("7_aentf")]
transform = Transform3D(-0.62, 0, -5.4202122e-08, 0, 0.62, 0, 5.4202122e-08, 0, -0.62, 4.1164765, 1.4295793, 4.7268243)

[node name="foyer_Planter2" parent="props" index="3" unique_id=2140846272 instance=ExtResource("7_aentf")]
transform = Transform3D(-0.62, 0, -5.4202122e-08, 0, 0.62, 0, 5.4202122e-08, 0, -0.62, 3.3651307, 1.4295793, 4.7268243)

[node name="foyer_Planter3" parent="props" index="4" unique_id=626578044 instance=ExtResource("7_aentf")]
transform = Transform3D(-0.62, 0, -5.4202122e-08, 0, 0.62, 0, 5.4202122e-08, 0, -0.62, 2.6034322, 1.4295793, 4.7268243)

[node name="teakitchen_NapkinBox" parent="props" index="5" unique_id=136874360 instance=ExtResource("25_t1jaq")]
transform = Transform3D(-0.11038558, 0, -0.5081486, 0, 0.52, 0, 0.5081486, 0, -0.11038558, -0.2537188, 1.451369, -1.6027548)

[node name="teakitchen_WallClock2" parent="props" index="6" unique_id=1538330256 instance=ExtResource("8_afdvp")]
transform = Transform3D(-4.371139e-08, -1, 0, 1, -4.371139e-08, 0, 0, 0, 1, 4.6628385, 2.9286103, 3.4056935)

[node name="facultyoffice_PlantPot" parent="props" index="7" unique_id=1240098627 instance=ExtResource("6_eo7ln")]
transform = Transform3D(1.69, 0, 0, 0, 1.69, 0, 0, 0, 1.69, -3.520122, 0.8261635, -3.8805017)

[node name="teakitchen_WallClock" parent="props" index="8" unique_id=301629911 instance=ExtResource("8_afdvp")]
transform = Transform3D(-4.371139e-08, 1, -4.371139e-08, 0, -4.371139e-08, -1, -1, -4.371139e-08, 1.9106855e-15, -4.804881, 2.9924192, -3.1976297)

[node name="teakitchen_CeilingLight" parent="props" index="9" unique_id=702928047 instance=ExtResource("8_eo7ln")]
transform = Transform3D(-0.9886858, 0, 0.1500013, -0.010714264, 0.99744576, -0.07061966, -0.14961816, -0.07142781, -0.98616046, 0.040421814, 3.7010412, 0.33524632)

[node name="teakitchen_CeilingLight2" parent="props" index="10" unique_id=798341398 instance=ExtResource("8_eo7ln")]
transform = Transform3D(-1.3248391, -2.795458e-07, 0.20100133, -0.20048791, -0.09571316, -1.3214551, 0.014357392, -1.3365773, 0.094630204, 3.5822482, 2.553783, -4.627411)

[node name="teakitchen_DishRack" parent="props" index="11" unique_id=1820748481 instance=ExtResource("9_gvnbc")]
transform = Transform3D(-0.986455, 1.4895056e-07, 0.16403204, 1.509958e-07, 1, -4.719559e-21, 0.16403204, -2.476815e-08, 0.986455, -4.441919, 1.3867627, -0.048478276)

[node name="teakitchen_MiniFridge" parent="props" index="12" unique_id=1393667838 instance=ExtResource("10_fp2ry")]
transform = Transform3D(-5.6824803e-08, 0, 1.3, 0, 1.3, 0, -1.3, 0, -5.6824803e-08, -4.366401, 0.48526603, -2.4023576)

[node name="teakitchen_SinkBasin" parent="props" index="13" unique_id=1843984678 instance=ExtResource("11_6j2wr")]
transform = Transform3D(-4.371139e-08, 0, -1, 0, 1, 0, 1, 0, -4.371139e-08, -4.4687476, 1.331851, -1.2292924)

[node name="teakitchen_SpiceRack" parent="props" index="14" unique_id=2042299985 instance=ExtResource("12_4jpir")]
transform = Transform3D(-4.371139e-08, 0, 1, 0, 1, 0, -1, 0, -4.371139e-08, -4.8027334, 2.169412, 3.012695)

[node name="teakitchen_SpiceRack2" parent="props" index="15" unique_id=1430962041 instance=ExtResource("12_4jpir")]
transform = Transform3D(-2.64, -3.9862897e-07, -1.6783284e-07, 3.9862897e-07, -2.64, 3.026526e-14, -1.6783284e-07, 4.923206e-15, 2.64, 3.3374863, 0.55411506, 4.6519074)

[node name="teakitchen_TeaKettle" parent="props" index="16" unique_id=1513427027 instance=ExtResource("13_3bdea")]
transform = Transform3D(-0.6199999, 0, 0.00035701692, 0, 0.62, 0, -0.00035701692, 0, -0.6199999, -4.4183044, 1.4638455, 2.0288641)

[node name="studentcafe_BaristaCounter" parent="props" index="17" unique_id=63117569 instance=ExtResource("2_0kb6g")]
transform = Transform3D(-9.8350625e-08, 0, 2.25, 0, 2.25, 0, -2.25, 0, -9.8350625e-08, -4.387333, 0.60333323, 2.593035)

[node name="studentcafe_BaristaCounter2" parent="props" index="18" unique_id=1707424385 instance=ExtResource("2_0kb6g")]
transform = Transform3D(-9.8350625e-08, 0, 2.25, 0, 2.25, 0, -2.25, 0, -9.8350625e-08, -4.387333, 0.60333323, 0.53209126)

[node name="studentcafe_CozySofa" parent="props" index="19" unique_id=559516026 instance=ExtResource("3_kc5jf")]
transform = Transform3D(3.2, 0, 0, 0, 3.2, 0, 0, 0, 3.2, -0.4010617, 0.79117405, -3.8992026)

[node name="studentcafe_CozySofa2" parent="props" index="20" unique_id=1430902850 instance=ExtResource("3_kc5jf")]
transform = Transform3D(2.4891508, 0, -2.0110033, 0, 3.2000005, 0, 2.0110033, 0, 2.4891508, 3.372547, 0.79117453, -2.730403)

[node name="studentcafe_FloorRug" parent="props" index="21" unique_id=83426748 instance=ExtResource("4_6f8a8")]
transform = Transform3D(8.52, 0, 0, 0, 8.52, 0, 0, 0, 8.52, 0.29145926, -0.056964308, 0.11519951)

[node name="teakitchen_TrashBin" parent="props" index="22" unique_id=2140384842 instance=ExtResource("14_hdm7k")]
transform = Transform3D(-3.1035086e-08, 0, -0.71, 0, 0.71, 0, 0.71, 0, -3.1035086e-08, -4.3470716, 0.35008034, 4.3483043)

[node name="teakitchen_TrashBin2" parent="props" index="23" unique_id=245163270 instance=ExtResource("14_hdm7k")]
transform = Transform3D(-3.1035086e-08, 0, -0.71, 0, 0.71, 0, 0.71, 0, -3.1035086e-08, 1.5968714, 0.3500794, -3.8718915)

[node name="teakitchen_TeaCup" parent="props" index="24" unique_id=44184801 instance=ExtResource("16_h524m")]
transform = Transform3D(0.1645785, 0, 0.16066712, 0, 0.23, 0, -0.16066712, 0, 0.1645785, -4.1787205, 1.2747269, 1.4133793)

[node name="teakitchen_TeaCup4" parent="props" index="25" unique_id=971575115 instance=ExtResource("16_h524m")]
transform = Transform3D(0.21466759, 0, 0.20956579, 0, 0.29999998, 0, -0.20956579, 0, 0.21466759, -4.7265606, 1.2972991, 3.4904795)

[node name="teakitchen_TeaCup9" parent="props" index="26" unique_id=1052011350 instance=ExtResource("16_h524m")]
transform = Transform3D(0.1411636, 0.009530248, 0.26454112, 0.034995444, 0.29650217, -0.029355824, -0.26238933, 0.04467234, 0.13840601, -4.7265606, 1.4263905, 3.4904795)

[node name="teakitchen_TeaCup5" parent="props" index="27" unique_id=1933590105 instance=ExtResource("16_h524m")]
transform = Transform3D(0.21466759, 0, 0.20956579, 0, 0.29999998, 0, -0.20956579, 0, 0.21466759, -4.700931, 1.2972991, 3.242076)

[node name="teakitchen_TeaCup8" parent="props" index="28" unique_id=200949192 instance=ExtResource("16_h524m")]
transform = Transform3D(0.14590645, 0.048372626, 0.25762644, -0.02383819, 0.29607442, -0.042090997, -0.2610422, 0, 0.14784096, -4.700931, 1.4254197, 3.242076)

[node name="teakitchen_TeaCup6" parent="props" index="29" unique_id=1864722261 instance=ExtResource("16_h524m")]
transform = Transform3D(0.21466759, 0, 0.20956579, 0, 0.29999998, 0, -0.20956579, 0, 0.21466759, -4.7265606, 1.2972991, 2.9617047)

[node name="teakitchen_TeaCup7" parent="props" index="30" unique_id=1097944797 instance=ExtResource("16_h524m")]
transform = Transform3D(0.2577099, -0.08891246, 0.12522057, 0.0907186, 0.28550568, 0.016019242, -0.123918355, 0.02410506, 0.27214557, -4.7265606, 1.4096451, 2.962724)

[node name="teakitchen_TeaCup2" parent="props" index="31" unique_id=403797640 instance=ExtResource("16_h524m")]
transform = Transform3D(0.29593647, -4.302037e-09, -0.04920957, -2.5582195e-16, -0.29999998, 2.6226832e-08, -0.04920957, -2.587159e-08, -0.29593647, -4.501724, 1.3487719, 0.011064135)

[node name="teakitchen_TeaCup3" parent="props" index="32" unique_id=1353195557 instance=ExtResource("16_h524m")]
transform = Transform3D(0.29593647, 4.302037e-09, -0.04920957, 2.5582195e-16, -0.29999998, -2.6226832e-08, -0.04920957, 2.587159e-08, -0.29593647, -4.4524016, 1.355919, 0.22582152)

[node name="teakitchen_TeaInfuser" parent="props" index="33" unique_id=627325964 instance=ExtResource("17_qumi0")]
transform = Transform3D(-0.26638716, 0, -0.33754686, 0, 0.43, 0, 0.33754686, 0, -0.26638716, -4.645192, 1.4141136, 0.9592629)

[node name="teakitchen_PaperTowelHolder" parent="props" index="34" unique_id=426211062 instance=ExtResource("18_vgxnf")]
transform = Transform3D(-4.371139e-08, 0, 1, 0, 1, 0, -1, 0, -4.371139e-08, -4.7747655, 2.1942897, -0.016322374)

[node name="teakitchen_WaterPitcher" parent="props" index="35" unique_id=31829661 instance=ExtResource("19_7f2xd")]
transform = Transform3D(0.53, 0, 0, 0, 0.53, 0, 0, 0, 0.53, -0.39379668, 1.4457521, -0.94663656)

[node name="teakitchen_ChessBoard" parent="props" index="36" unique_id=569478780 instance=ExtResource("20_5da3w")]
transform = Transform3D(1, 0, 0, 0, 1, 0, 0, 0, 1, 0.679194, 1.2792532, -1.6887583)

[node name="teakitchen_CoffeeCup" parent="props" index="37" unique_id=1713931013 instance=ExtResource("21_7f2xd")]
transform = Transform3D(-0.22596323, 0, -0.1286103, 0, 0.26, 0, 0.1286103, 0, -0.22596323, -4.2465076, 1.2987657, 0.64801705)

[node name="teakitchen_CoffeeCup2" parent="props" index="38" unique_id=1164661534 instance=ExtResource("21_7f2xd")]
transform = Transform3D(0.26, 0, 0, 0, 0.26, 0, 0, 0, 0.26, -4.4429383, 1.2987658, 0.66952866)

[node name="facultyoffice_WallArt" parent="props" index="39" unique_id=1866847240 instance=ExtResource("26_3x8uo")]
transform = Transform3D(1.43, 0, 0, 0, 1.43, 0, 0, 0, 1.43, -2.882324, 2.1620677, 4.7998323)

[node name="teakitchen_DishSoapDispenser" parent="props" index="40" unique_id=1707131789 instance=ExtResource("22_3x8uo")]
transform = Transform3D(0.016330704, 0, 0.35962942, 0, 0.36, 0, -0.35962942, 0, 0.016330704, -4.7847505, 1.5366699, -0.9228158)

[node name="lights" type="Node3D" parent="." index="6" unique_id=857946051]

[node name="SpotLight3D" type="SpotLight3D" parent="lights" index="0" unique_id=598938470]
transform = Transform3D(0.3758692, -0.122146755, 0.91858727, -0.9264367, -0.027157733, 0.3754698, -0.020915672, -0.9921404, -0.123368986, -0.45510638, 3.6157453, 0.8049868)
light_color = Color(1, 0.8320167, 0.5347449, 1)
light_energy = 25.62
light_indirect_energy = 1.188
shadow_enabled = true
spot_range = 13.992
spot_angle = 70.84

[node name="SpotLight3D2" type="SpotLight3D" parent="lights" index="1" unique_id=4287045]
transform = Transform3D(0.84384686, -0.49110252, 0.21619613, -0.45717344, -0.4470867, 0.7688342, -0.28091797, -0.7476174, -0.6017917, 0.042607993, 3.6157453, 0.751214)
light_color = Color(1, 0.83137256, 0.53333336, 1)
light_energy = 25.62
shadow_enabled = true
spot_range = 13.992
spot_angle = 70.84

[node name="SpotLight3D3" type="SpotLight3D" parent="lights" index="2" unique_id=1648461250]
transform = Transform3D(0.2859894, 0.0691284, -0.95573604, 0.9582328, -0.02063172, 0.28524423, 2.407794e-10, -0.99739444, -0.07214156, 0.3521605, 3.6868174, 0.710336)
light_color = Color(1, 0.83137256, 0.53333336, 1)
light_energy = 25.62
shadow_enabled = true
spot_range = 13.992
spot_angle = 70.84

[node name="SpotLight3D4" type="SpotLight3D" parent="lights" index="3" unique_id=2061508086]
transform = Transform3D(-0.0559884, -0.98023206, 0.18976423, 0.91552734, 0.02542483, 0.40145147, -0.39834034, 0.19621098, 0.8960057, 0.13840765, 3.5479019, 0.26064587)
light_color = Color(1, 0.83137256, 0.53333336, 1)
light_energy = 25.62
shadow_enabled = true
spot_range = 13.992
spot_angle = 70.84

[node name="SpotLight3D5" type="SpotLight3D" parent="lights" index="4" unique_id=1495870272]
transform = Transform3D(-0.55137014, -0.38628766, -0.7394409, -0.21236035, -0.7921598, 0.5721765, -0.80678004, 0.47250897, 0.3547411, 0.6207029, 3.6087754, 0.12203145)
light_color = Color(1, 0.83137256, 0.53333336, 1)
light_energy = 25.62
shadow_enabled = true
spot_range = 13.992
spot_angle = 70.84

[node name="SpotLight3D6" type="SpotLight3D" parent="lights" index="5" unique_id=1479191844]
transform = Transform3D(-0.9649874, -0.13286583, -0.22615483, -0.07735889, -0.67969406, 0.729405, -0.2506291, 0.7213617, 0.64561784, 0.2205385, 3.5572875, -0.09718996)
light_color = Color(1, 0.83137256, 0.53333336, 1)
light_energy = 25.62
shadow_enabled = true
spot_range = 13.992
spot_angle = 70.84

[node name="SpotLight3D7" type="SpotLight3D" parent="lights" index="6" unique_id=394689765]
transform = Transform3D(0.37586918, -0.12214677, 0.91858727, 0.052595183, -0.9868648, -0.1527468, 0.92517895, 0.10572608, -0.36450773, 2.8642435, 3.1953359, -4.4430604)
light_color = Color(1, 1, 0.8117647, 1)
light_energy = 3.931
shadow_enabled = true
spot_range = 7.243

[node name="SpotLight3D8" type="SpotLight3D" parent="lights" index="7" unique_id=40274976]
transform = Transform3D(-0.055988405, -0.98023206, 0.18976425, -0.46966675, 0.19357783, 0.8613599, -0.8810667, -0.040899783, -0.4712205, 3.679546, 2.5346014, -4.2963834)
light_color = Color(1, 1, 0.8117647, 1)
light_energy = 3.931
shadow_enabled = true
spot_range = 7.243

[node name="SpotLight3D9" type="SpotLight3D" parent="lights" index="8" unique_id=623982563]
transform = Transform3D(-0.5513701, -0.3862876, -0.739441, -0.7874056, 0.53382176, 0.30826414, 0.27565107, 0.7522076, -0.59849834, 4.3420696, 2.3607998, -4.381971)
light_color = Color(1, 1, 0.8117647, 1)
light_energy = 3.931
shadow_enabled = true
spot_range = 7.243

[node name="SpotLight3D10" type="SpotLight3D" parent="lights" index="9" unique_id=1331779318]
transform = Transform3D(-0.9649874, -0.1328658, -0.22615488, -0.24370751, 0.77297527, 0.58576095, 0.09698452, 0.6203675, -0.77829176, 3.7923684, 2.0977132, -4.3132653)
light_color = Color(1, 1, 0.8117647, 1)
light_energy = 3.931
shadow_enabled = true
spot_range = 7.243

[node name="special_UtahTeapotYellow" parent="." index="7" unique_id=432021339 instance=ExtResource("26_ey82v")]
transform = Transform3D(-0.18375583, 0, -0.42170346, 0, 0.46, 0, 0.42170346, 0, -0.18375583, -4.6262336, 1.3641055, 2.5232277)
